[[16.232521 15.548578 15.09567  15.484056 15.250262 14.493241 15.845708
  15.60002 ]]
[[16.232521 15.548578 15.09567  15.484056 15.250262 14.493241 15.845708
  15.60002 ]]
[[16.232521 15.548578 15.09567  15.484056 15.250262 14.493241 15.845708
  15.60002 ]]
[[16.232521 15.548578 15.09567  15.484056 15.250262 14.493241 15.845708
  15.60002 ]]
[[16.232521 15.548578 15.09567  15.484056 15.250262 14.493241 15.845708
  15.60002 ]]
[[16.232521 15.548578 15.09567  15.484056 15.250262 14.493241 15.845708
  15.60002 ]]
[[16.232521 15.548578 15.09567  15.484056 15.250262 14.493241 15.845708
  15.60002 ]]
[[16.232521 15.548578 15.09567  15.484056 15.250262 14.493241 15.845708
  15.60002 ]]
[[16.232521 15.548578 15.09567  15.484056 15.250262 14.493241 15.845708
  15.60002 ]]
[[16.232521 15.548578 15.09567  15.484056 15.250262 14.493241 15.845708
  15.60002 ]]
[[16.232521 15.548578 15.09567  15.484056 15.250262 14.493241 15.845708
  15.60002 ]]
[[16.232521 15.548578 15.09567  15.484056 15.250262 14.493241 15.845708
  15.60002 ]]
[[16.232521 15.548578 15.09567  15.484056 15.250262 14.493241 15.845708
  15.60002 ]]
[[16.232521 15.548578 15.09567  15.484056 15.250262 14.493241 15.845708
  15.60002 ]]
[[16.232521 15.548578 15.09567  15.484056 15.250262 14.493241 15.845708
  15.60002 ]]
[[16.232521 15.548578 15.09567  15.484056 15.250262 14.493241 15.845708
  15.60002 ]]
[[16.232521 15.548578 15.09567  15.484056 15.250262 14.493241 15.845708
  15.60002 ]]
[[16.232521 15.548578 15.09567  15.484056 15.250262 14.493241 15.845708
  15.60002 ]]
[[16.232521 15.548578 15.09567  15.484056 15.250262 14.493241 15.845708
  15.60002 ]]
[[16.232521 15.548578 15.09567  15.484056 15.250262 14.493241 15.845708
  15.60002 ]]
[[16.232521 15.548578 15.09567  15.484056 15.250262 14.493241 15.845708
  15.60002 ]]
[[16.232521 15.548578 15.09567  15.484056 15.250262 14.493241 15.845708
  15.60002 ]]
[[16.232521 15.548578 15.09567  15.484056 15.250262 14.493241 15.845708
  15.60002 ]]
[[16.232521 15.548578 15.09567  15.484056 15.250262 14.493241 15.845708
  15.60002 ]]
[[16.232521 15.548578 15.09567  15.484056 15.250262 14.493241 15.845708
  15.60002 ]]
[[16.232521 15.548578 15.09567  15.484056 15.250262 14.493241 15.845708
  15.60002 ]]
[[16.232521 15.548578 15.09567  15.484056 15.250262 14.493241 15.845708
  15.60002 ]]
[[16.232521 15.548578 15.09567  15.484056 15.250262 14.493241 15.845708
  15.60002 ]]
[[16.232521 15.548578 15.09567  15.484056 15.250262 14.493241 15.845708
  15.60002 ]]
[[16.232521 15.548578 15.09567  15.484056 15.250262 14.493241 15.845708
  15.60002 ]]
[[16.232521 15.548578 15.09567  15.484056 15.250262 14.493241 15.845708
  15.60002 ]]
